<?xml version="1.0" encoding="UTF-8" standalone="no"?>
<!DOCTYPE svg PUBLIC "-//W3C//DTD SVG 20010904//EN"
              "http://www.w3.org/TR/2001/REC-SVG-20010904/DTD/svg10.dtd">

<svg xmlns="http://www.w3.org/2000/svg"
     width="288.136mm" height="193.051mm"
     viewBox="0 0 1700 1139">
  <path id="Path #3"
        fill="none" stroke="black" stroke-width="1"
        d="M 1196.00,832.00
           C 1196.00,832.00 1212.00,966.00 1212.00,966.00
             1212.00,966.00 1247.00,993.00 1247.00,993.00
             1247.00,993.00 1285.00,1009.00 1285.00,1009.00
             1285.00,1009.00 1314.00,992.00 1314.00,992.00
             1314.00,992.00 1319.00,967.00 1319.00,967.00
             1319.00,967.00 1323.00,931.00 1323.00,931.00
             1323.00,931.00 1317.00,884.00 1317.00,884.00
             1317.00,884.00 1311.00,859.00 1311.00,859.00
             1311.00,859.00 1293.00,828.00 1293.00,828.00
             1293.00,828.00 1253.00,819.00 1253.00,819.00
             1253.00,819.00 1215.00,818.00 1215.00,818.00
             1215.00,818.00 1195.00,832.00 1195.00,832.00" />
</svg>
